Without offset

0,44045926278025854
43,997896008327366
89,56617696806555
134,41319298709
179,07641316900887
224,38496176626907
269,57762178497177
314,4166662143249
359,0858605350378
315,48955840042976
270,45074459823206
225,75354953756175
180,70275103010044
135,3802020628615
90,90879787795366
45,37447965440842
0,5403566609434803


At zero : 0.026432 
Zero offset =  0.026432

With offset: [0.026432]

0,09190802730562522
44,06183175479711
89,12063220832607
134,07355562280094
179,5199586869894
224,60671131024168
269,18002798884544
314,5085632374369
359,4006463624249
315,41362097961655
270,3988008730632
225,62367487178284
180,93250252014067
135,4021822339896
90,52918721100204
45,56229074730514
0,7332491299914823






